function Bpq=BpqxyLargep(x,y,p,q)
% Computation of B_(p,q)(x,y)  
% using an expansion for large p and r=p+q (and bounded q)
r=p+q; 
z=0.5*x*y;
yn=1-y;
y2=y*y;
y3=y2*y;
y4=y3*y;
y5=y4*y;
y6=y5*y;
y7=y6*y;
y8=y7*y;
ynm=-yn;
ynm2=ynm*ynm;
ynm3=ynm2*ynm;
ynm4=ynm3*ynm;
ynm5=ynm4*ynm;
ynm6=ynm5*ynm;
ynm7=ynm6*ynm;
ynm8=ynm7*ynm;
ynm9=ynm8*ynm;
z2=z*z;
z3=z2*z;
z4=z3*z;
z5=z4*z;
z6=z5*z;
z7=z6*z;
z8=z7*z;
q2=q*q;
q3=q2*q;
q4=q3*q;
q5=q4*q;
q6=q5*q;
q7=q6*q;
q8=q7*q;
ak(1)=-1/ynm;
ak(2)=(1/2)*(q*y-2*y*z-q+2*y+2*z)/ynm2;
ak(3)=-(1/24)*(3*q2*y2-12*q*y2*z+12*y2*z2-6*q2*y+11*q*y2+...
       24*q*y*z-12*y2*z-24*y*z2+3*q2-10*q*y-12*q*z+12*y2+12*z2-q+12*y+12*z)/ynm3;
ak(4)=(1/48)*(q3*y3-6*q2*y3*z+12*q*y3*z2-8*y3*z3-3*q3*y2+...
       5*q2*y3+18*q2*y2*z-10*q*y3*z-36*q*y2*z2+24*y2*z3+...
       3*q3*y-9*q2*y2-18*q2*y*z+10*q*y3+6*q*y2*z+36*q*y*z2-...
       8*y3*z+24*y2*z2-24*y*z3-q3+3*q2*y+6*q2*z+4*q*y2+18*q*y*z-...
       12*q*z2+8*y3-24*y2*z-48*y*z2+8*z3+q2-14*q*y-14*q*z+...
       32*y2+24*y*z+24*z2+8*y+8*z)/ynm4;
ak(5)=-(1/5760)*(15*q4*y4-120*q3*y4*z+360*q2*y4*z2-480*q*y4*z3+...
       240*y4*z4-60*q4*y3+90*q3*y4+480*q3*y3*z-240*q2*y4*z-...
       1440*q2*y3*z2-120*q*y4*z2+1920*q*y3*z3+480*y4*z3-960*y3*z4+...
       90*q4*y2-240*q3*y3-720*q3*y2*z+245*q2*y4+240*q2*y3*z+...
       2160*q2*y2*z2-360*q*y4*z+1920*q*y3*z2-2880*q*y2*z3+240*y4*z2-...
       2880*y3*z3+1440*y2*z4-60*q4*y+180*q3*y2+480*q3*y*z-20*q2*y3+...
       720*q2*y2*z-1440*q2*y*z2+362*q*y4-1200*q*y3*z-5040*q*y2*z2+...
       1920*q*y*z3-240*y4*z+480*y3*z2+5760*y2*z3-960*y*z4+15*q4-...
       120*q3*z-690*q2*y2-1200*q2*y*z+360*q2*z2+1552*q*y3+2880*q*y2*z+...
       4800*q*y*z2-480*q*z3+240*y4-2400*y3*z-4800*y*z3+240*z4-30*q3+...
       460*q2*y+480*q2*z-1308*q*y2-720*q*y*z-1560*q*z2+2640*y3-2400*y*z2+...
       1440*z3+5*q2-608*q*y-600*q*z+2640*y2+2400*y*z+1680*z2+2*q+240*y+240*z)/ynm5;
ak(6)=(1/11520)*(3*q5*y5-30*q4*y5*z+120*q3*y5*z2-240*q2*y5*z3+240*q*y5*z4...
      -96*y5*z5-15*q5*y4+20*q4*y5+150*q4*y4*z-60*q3*y5*z-600*q3*y4*z2-120*q2*y5*z2+...
      1200*q2*y4*z3+560*q*y5*z3-1200*q*y4*z4-480*y5*z4+480*y4*z5+30*q5*y3-70*q4*y4-...
      300*q4*y3*z+65*q3*y5+60*q3*y4*z+1200*q3*y3*z2-130*q2*y5*z+1320*q2*y4*z2-...
      2400*q2*y3*z3+240*q*y5*z2-3760*q*y4*z3+2400*q*y3*z4-480*y5*z3+2880*y4*z4-...
      960*y3*z5-30*q5*y2+80*q4*y3+300*q4*y2*z-25*q3*y4+360*q3*y3*z-1200*q3*y2*z2+...
      132*q2*y5-550*q2*y4*z-4080*q2*y3*z2+2400*q2*y2*z3-164*q*y5*z+9440*q*y3*z3-...
      2400*q*y2*z4+2400*y4*z3-6720*y3*z4+960*y2*z5+15*q5*y-20*q4*y2-150*q4*y*z-...
      310*q3*y3-840*q3*y2*z+600*q3*y*z2+670*q2*y4+2060*q2*y3*z+5520*q2*y2*z2-...
      1200*q2*y*z3+164*q*y5-2060*q*y4*z+480*q*y3*z2-11360*q*y2*z3+1200*q*y*z4-...
      96*y5*z+1440*y4*z2-6720*y3*z3+7680*y2*z4-480*y*z5-3*q5-20*q4*y+30*q4*z+...
      430*q3*y2+660*q3*y*z-120*q3*z2-1360*q2*y3-1580*q2*y2*z-3480*q2*y*z2+...
      240*q2*z3+2224*q*y4+1720*q*y3*z-3840*q*y2*z2+6640*q*y*z3-240*q*z4+96*y5-...
      2400*y4*z+10560*y2*z3-4320*y*z4+96*z5+10*q4-155*q3*y-180*q3*z+...
      180*q2*y2-170*q2*y*z+840*q2*z2+504*q*y3+3080*q*y2*z+5040*q*y*z2-...
      1520*q*z3+2496*y4-3840*y3*z-2880*y2*z2-8160*y*z3+960*z4-5*q3+...
      380*q2*y+370*q2*z-2576*q*y2-2260*q*y*z-1920*q*z2+6336*y3+3840*y2*z+...
      2400*z3-2*q2-316*q*y-316*q*z+2496*y2+2400*y*z+1440*z2+96*y+96*z)/ynm6;
ak(7)=-(1/2903040)*(63*q6*y6-756*q5*y6*z+3780*q4*y6*z2-10080*q3*y6*z3+...
      15120*q2*y6*z4-12096*q*y6*z5+4032*y6*z6-378*q6*y5+441*q5*y6+...
      4536*q5*y5*z-1260*q4*y6*z-22680*q4*y5*z2-7560*q3*y6*z2+...
      60480*q3*y5*z3+40320*q2*y6*z3-90720*q2*y5*z4-65520*q*y6*z4+...
      72576*q*y5*z5+36288*y6*z5-24192*y5*z6+945*q6*y4-1890*q5*y5-...
      11340*q5*y4*z+1575*q4*y6+56700*q4*y4*z2-3780*q3*y6*z+...
      75600*q3*y5*z2-151200*q3*y4*z3+16380*q2*y6*z2-302400*q2*y5*z3+...
      226800*q2*y4*z4-70560*q*y6*z3+453600*q*y5*z4-181440*q*y4*z5+...
      80640*y6*z4-241920*y5*z5+60480*y4*z6-1260*q6*y3+2835*q5*y4+...
      15120*q5*y3*z-630*q4*y5+18900*q4*y4*z-75600*q4*y3*z2+...
      3871*q3*y6-22680*q3*y5*z-264600*q3*y4*z2+201600*q3*y3*z3-...
      6804*q2*y6*z-37800*q2*y5*z2+907200*q2*y4*z3-302400*q2*y3*z4-...
      4536*q*y6*z2+443520*q*y5*z3-1285200*q*y4*z4+241920*q*y3*z5+...
      40320*y6*z3-544320*y5*z4+665280*y4*z5-80640*y3*z6+945*q6*y2-...
      1260*q5*y3-11340*q5*y2*z-12915*q4*y4-50400*q4*y3*z+...
      56700*q4*y2*z2+25914*q3*y5+109620*q3*y4*z+453600*q3*y3*z2-...
      151200*q3*y2*z3+6762*q2*y6-112896*q2*y5*z+124740*q2*y4*z2-...
      1411200*q2*y3*z3+226800*q2*y2*z4-7560*q*y6*z+178416*q*y5*z2-...
      1401120*q*y4*z3+1915200*q*y3*z4-181440*q*y2*z5+4032*y6*z2-...
      322560*y5*z3+1632960*y4*z4-967680*y3*z5+60480*y2*z6-...
      378*q6*y-945*q5*y2+4536*q5*y*z+26460*q4*y3+56700*q4*y2*z-...
      22680*q4*y*z2-81795*q3*y4-136080*q3*y3*z-...
      415800*q3*y2*z2+60480*q3*y*z3+119952*q2*y5+...
      182700*q2*y4*z-448560*q2*y3*z2+1209600*q2*y2*z3-...
      90720*q2*y*z4+7544*q*y6-247968*q*y5*z-158760*q*y4*z2+...
      2580480*q*y3*z3-1587600*q*y2*z4+72576*q*y*z5-4032*y6*z+...
      96768*y5*z2+766080*y4*z3-2701440*y3*z4+786240*y2*z5-...
      24192*y*z6+63*q6+1134*q5*y-756*q5*z-19215*q4*y2-30240*q4*y*z+...
      3780*q4*z2+51100*q3*y3+34020*q3*y2*z+196560*q3*y*z2-10080*q3*z3-...
      63630*q2*y4+171360*q2*y3*z+729540*q2*y2*z2-544320*q2*y*z3+...
      15120*q2*z4+255624*q*y5-279720*q*y4*z-332640*q*y3*z2-...
      2711520*q*y2*z3+695520*q*y*z4-12096*q*z5+4032*y6-225792*y5*z+...
      423360*y4*z2-1128960*y3*z3+2540160*y2*z4-338688*y*z5+4032*z6-...
      315*q5+4410*q4*y+6300*q4*z+20265*q3*y2+37800*q3*y*z-37800*q3*z2-...
      233520*q2*y3-379260*q2*y2*z-521640*q2*y*z2+100800*q2*z3+...
      535008*q*y4+967680*q*y3*z+234360*q*y2*z2+1491840*q*y*z3-...
      126000*q*z4+229824*y5-987840*y4*z-564480*y3*z2+1411200*y2*z3-...
      1270080*y*z4+60480*z5+315*q4-19446*q3*y-18900*q3*z+144270*q2*y2+...
      118944*q2*y*z+137340*q2*z2-432112*q*y3-83160*q*y2*z+...
      299376*q*y*z2-332640*q*z3+1217664*y4-423360*y2*z2-...
      1128960*y*z3+262080*z4+91*q3+26208*q2*y+25956*q2*z-...
      349512*q*y2-332640*q*y*z-216216*q*z2+1217664*y3+987840*y2*z+...
      338688*y*z2+362880*z3-42*q2-16536*q*y-16632*q*z+229824*y2+...
      225792*y*z+124992*z2-16*q+4032*y+4032*z)/ynm7;
